 Wavenumbers:   10.0 - 3250.0 cm-1, ATM      1
 LEVEL    PRESSURE   UPWARD FLUX   DOWNWARD FLUX    NETFLUX       HEATING RATE
             mb          W/m2          W/m2           W/m2          degree/day
  51         .06686    273.4671        0.0000       273.4671            0.00000
  50         .08384    273.4860        0.0496       273.4364          -15.26712
  49         .1050     273.5013        0.0908       273.4106          -10.32469
  48         .1312     273.5136        0.1364       273.3772          -10.72570
  47         .1638     273.5246        0.1850       273.3396           -9.73907
  46         .2042     273.5349        0.2372       273.2977           -8.76203
  45         .2542     273.5448        0.2952       273.2496           -8.11852
  44         .3159     273.5542        0.3625       273.1917           -7.91831
  43         .3920     273.5615        0.4432       273.1183           -8.13952
  42         .4857     273.5640        0.5405       273.0235           -8.53635
  41         .6009     273.5593        0.6567       272.9025           -8.85993
  40         .7424     273.5452        0.7942       272.7510           -9.03722
  39         .9158     273.5180        0.9569       272.5611           -9.24395
  38        1.128      273.4719        1.1505       272.3215           -9.52926
  37        1.387      273.3998        1.3738       272.0261           -9.61185
  36        1.704      273.3000        1.6183       271.6817           -9.18556
  35        2.089      273.1773        1.8733       271.3041           -8.26682
  34        2.558      273.0396        2.1307       270.9089           -7.11334
  33        3.128      272.8939        2.3859       270.5080           -5.94044
  32        3.818      272.7461        2.6404       270.1057           -4.91669
  31        4.654      272.5998        2.9074       269.6924           -4.17221
  30        5.665      272.4574        3.2089       269.2485           -3.70688
  29        6.885      272.3199        3.5653       268.7546           -3.41647
  28        8.355      272.1869        3.9861       268.2009           -3.17877
  27       10.12       272.0566        4.4651       267.5915           -2.90696
  26       12.25       271.9281        4.9902       266.9379           -2.59554
  25       14.80       271.8077        5.5567       266.2509           -2.27405
  24       17.85       271.7100        6.1666       265.5435           -1.95536
  23       21.50       271.6548        6.8287       264.8261           -1.65810
  22       25.86       271.6619        7.5566       264.1053           -1.39536
  21       31.06       271.7478        8.3634       263.3844           -1.17051
  20       37.25       271.9242        9.2600       262.6642           -0.98247
  19       44.60       272.1966       10.2504       261.9462           -0.82424
  18       53.32       272.5725       11.3311       261.2414           -0.68183
  17       63.66       273.0592       12.5082       260.5511           -0.56372
  16       75.88       273.6415       13.8054       259.8361           -0.49353
  15       90.32       274.2528       15.2463       259.0065           -0.48493
  14      107.3        275.0604       16.8731       258.1874           -0.40603
  13      127.4        276.0806       18.7528       257.3278           -0.36188
  12      151.0        277.3350       20.9034       256.4316           -0.32099
  11      178.6        278.8898       23.3921       255.4977           -0.28496
  10      211.0        281.0683       26.4353       254.6330           -0.22518
   9      248.9        284.6694       31.3777       253.2918           -0.29851
   8      293.2        290.7998       43.9989       246.8009           -1.23670
   7      344.9        299.2149       65.7432       233.4717           -2.17739
   6      405.0        310.0372       94.9153       215.1220           -2.57410
   5      475.0        323.0097      129.5645       193.4452           -2.61537
   4      556.2        337.8025      168.4487       169.3538           -2.50397
   3      650.3        354.7684      210.5887       144.1797           -2.25754
   2      759.2        373.5092      254.1271       119.3821           -1.92172
   1      885.0        388.3208      297.0967        91.2241           -1.88872
   0     1030.         390.4526      331.0336        59.4190           -1.84942

  Modules and versions used in this calculation:

         rrtm.f:       $Revision: 3.2           rrtatm.f:       NOT USED       
          rtr.f:       $Revision: 3.1           rtrcld.f:       NOT USED       
        rtreg.f:       NOT USED               rtregcld.f:       NOT USED       
     rtrcldmr.f:       NOT USED               rtregcldmr.f:     NOT USED       
      setcoef.f:       $Revision: 3.1          cldprop.f:       NOT USED       
     util_xxx.f:       NOT USED                 taumol.f:       $Revision: 3.3 
       k_gB01.f:       $Revision: 3.0           k_gB02.f:       $Revision: 3.0 
       k_gB03.f:       $Revision: 3.0           k_gB04.f:       $Revision: 3.0 
       k_gB05.f:       $Revision: 3.1           k_gB06.f:       $Revision: 3.0 
       k_gB07.f:       $Revision: 3.0           k_gB08.f:       $Revision: 3.0 
       k_gB09.f:       $Revision: 3.0           k_gB10.f:       $Revision: 3.0 
       k_gB11.f:       $Revision: 3.0           k_gB12.f:       $Revision: 3.0 
       k_gB13.f:       $Revision: 3.0           k_gB14.f:       $Revision: 3.0 
       k_gB15.f:       $Revision: 3.0           k_gB16.f:       $Revision: 3.1 

