 1.97507E-10 7.73812E-17 1.15225E-02 7.37465E-14 1.26912E-11 1.16727E-09 2.37858E-08 6.92738E-21
 5.50000E-07 1.60000E-06 9.00000E-08 5.76239E-10 6.56715E-12 3.00000E-07 5.61256E-12 1.58065E-11
 3.02783E-14 1.29120E-10 3.77611E-13 1.00906E-14 7.96646E-17 1.34755E-22 5.00000E-10 2.20724E-13
 1.24143E-17 1.62852E-14 9.95161E-12 5.54090E-13 1.75896E-12 3.60636E-18 4.63242E-20 2.74211E-11
 2.36149E-12 3.29550E-14 2.02834E-10 1.08246E-16 8.11545E-03 9.06141E-14 1.28653E-11 1.17538E-09
 2.77637E-08 7.88866E-21 5.50388E-07 1.59424E-06 8.01596E-08 5.43446E-10 6.45836E-12 2.99951E-07
 7.08841E-12 1.81904E-11 4.15192E-14 1.97473E-10 7.97260E-13 1.15248E-14 1.54110E-16 4.07444E-22
 4.85305E-10 2.81099E-13 1.78438E-17 2.27393E-14 1.42907E-11 7.83476E-13 1.79300E-12 4.19349E-18
 6.85945E-20 4.74941E-11 4.67376E-12 3.67026E-14 1.97693E-10 1.54549E-16 5.48854E-03 1.09755E-13
 1.27064E-11 1.11173E-09 3.31844E-08 8.87525E-21 5.50798E-07 1.58933E-06 7.17661E-08 4.67213E-10
 6.02536E-12 2.99898E-07 8.97378E-12 2.11594E-11 5.62375E-14 2.85785E-10 1.75791E-12 1.37143E-14
 3.26052E-16 1.26080E-21 4.72548E-10 3.42543E-13 2.49642E-17 3.13932E-14 1.91508E-11 1.06139E-12
 1.85393E-12 4.79192E-18 1.00994E-19 6.55733E-11 7.28019E-12 4.00252E-14 1.82741E-10 2.20286E-16
 3.52674E-03 1.29657E-13 1.20651E-11 9.58636E-10 3.97356E-08 9.77389E-21 5.51190E-07 1.58529E-06
 6.46860E-08 3.60094E-10 5.22187E-12 2.99838E-07 1.16458E-11 2.49692E-11 7.60929E-14 3.76311E-10
 4.00990E-12 1.61541E-14 7.26508E-16 3.64932E-21 4.61860E-10 3.84224E-13 3.36371E-17 4.09440E-14
 2.34320E-11 1.37917E-12 1.97249E-12 5.45802E-18 1.51057E-19 8.32009E-11 9.90171E-12 4.44698E-14
 1.60981E-10 3.08818E-16 2.11857E-03 1.48377E-13 1.08772E-11 7.55236E-10 4.69761E-08 1.04795E-20
 5.51542E-07 1.58212E-06 5.88196E-08 2.49238E-10 4.16082E-12 2.99772E-07 1.55574E-11 2.96299E-11
 1.02654E-13 4.57809E-10 9.37984E-12 1.81175E-14 1.65293E-15 9.47430E-21 4.53297E-10 3.81880E-13
 4.34274E-17 4.91014E-14 2.68320E-11 1.67150E-12 2.19069E-12 6.30332E-18 2.32240E-19 1.01895E-10
 1.23541E-11 5.08657E-14 1.32513E-10 4.18986E-16 1.16062E-03 1.60839E-13 9.09091E-12 5.42029E-10
 5.43287E-08 1.06586E-20 5.51837E-07 1.57975E-06 5.40961E-08 1.54920E-10 3.00383E-12 2.99698E-07
 2.07887E-11 3.37986E-11 1.31865E-13 5.18615E-10 2.24114E-11 1.84769E-14 3.60661E-15 2.35187E-20
 4.46823E-10 3.29746E-13 5.32597E-17 5.40491E-14 2.93319E-11 1.82540E-12 2.58342E-12 7.40694E-18
 3.71628E-19 1.23019E-10 1.42418E-11 6.06317E-14 9.73664E-11 5.45467E-16 5.56546E-04 1.54724E-13
 6.81484E-12 3.53360E-10 6.12487E-08 9.64302E-21 5.52067E-07 1.57807E-06 5.04501E-08 8.76056E-11
 1.94344E-12 2.99617E-07 2.57783E-11 3.39758E-11 1.40888E-13 5.50173E-10 4.73212E-11 1.63172E-14
 6.85631E-15 6.18619E-20 4.42246E-10 2.45901E-13 5.99951E-17 5.60280E-14 3.11038E-11 1.72900E-12
 3.26288E-12 8.42108E-18 5.92502E-19 1.47136E-10 1.48191E-11 7.57007E-14 6.39895E-11 6.87271E-16
 2.34235E-04 1.33018E-13 4.47659E-12 2.09929E-10 6.75888E-08 7.84260E-21 5.52226E-07 1.57686E-06
 4.77247E-08 4.45438E-11 1.08713E-12 2.99526E-07 3.16002E-11 3.21275E-11 1.33995E-13 5.60745E-10
 7.30259E-11 1.28329E-14 1.23789E-14 1.58684E-19 4.39123E-10 1.49391E-13 6.30672E-17 5.26094E-14
 3.24274E-11 1.44211E-12 4.21688E-12 8.89715E-18 9.04696E-19 1.71832E-10 1.39072E-11 9.47994E-14
 3.98852E-11 8.51006E-16 8.60766E-05 1.13200E-13 2.54350E-12 1.16720E-10 7.34795E-08 6.36264E-21
 5.52321E-07 1.57592E-06 4.57005E-08 2.01908E-11 4.97689E-13 2.99426E-07 4.53948E-11 3.43079E-11
 1.47690E-13 5.65673E-10 7.85556E-11 9.60659E-15 2.60641E-14 3.17968E-19 4.36937E-10 6.77662E-14
 6.67690E-17 4.10305E-14 3.35398E-11 1.12774E-12 5.13313E-12 8.85662E-18 1.33808E-18 1.90954E-10
 1.22010E-11 1.10275E-13 2.46394E-11 1.06892E-15 3.10529E-05 9.84840E-14 1.41530E-12 6.39289E-11
 7.93456E-08 5.40223E-21 5.52367E-07 1.57505E-06 4.41254E-08 8.90562E-12 2.21364E-13 2.99307E-07
 6.71189E-11 3.80143E-11 1.68574E-13 5.70383E-10 6.68241E-11 7.09552E-15 4.82241E-14 5.15461E-19
 4.35221E-10 2.80368E-14 7.12504E-17 3.05193E-14 3.46632E-11 8.57173E-13 5.42709E-12 7.85324E-18
 1.73094E-18 1.96753E-10 1.00705E-11 1.10981E-13 1.55486E-11 1.44005E-15 1.52704E-05 8.76945E-14
 8.93441E-13 3.17272E-11 8.74903E-08 4.86074E-21 5.52378E-07 1.57385E-06 4.24957E-08 3.62582E-12
 1.19562E-13 2.99115E-07 8.80594E-11 4.02487E-11 1.68765E-13 5.79390E-10 5.03987E-11 5.50331E-15
 6.22855E-14 6.72947E-19 4.33265E-10 1.33878E-14 7.33303E-17 2.52928E-14 3.63013E-11 6.45671E-13
 3.30974E-12 4.03205E-18 1.25789E-18 1.69034E-10 7.23627E-12 6.92573E-14 1.01982E-11 2.21220E-15
 8.79091E-06 7.57861E-14 5.56442E-13 1.17199E-11 1.04006E-07 4.35870E-21 5.52319E-07 1.57138E-06
 4.01876E-08 1.16889E-12 6.89434E-14 2.98679E-07 1.16492E-10 4.91028E-11 1.58670E-13 6.13599E-10
 3.58943E-11 4.43497E-15 7.52580E-14 5.84801E-19 4.29920E-10 6.27181E-15 7.11664E-17 2.15249E-14
 3.97734E-11 5.29743E-13 1.75886E-12 1.64157E-18 6.67897E-19 1.37639E-10 4.35117E-12 3.73461E-14
 7.63383E-12 3.99170E-15 7.45573E-06 7.00250E-14 3.93226E-13 3.08473E-12 1.40245E-07 4.17138E-21
 5.52064E-07 1.56590E-06 3.67518E-08 3.41662E-13 4.74002E-14 2.97645E-07 1.48894E-10 6.87138E-11
 1.50000E-13 7.02877E-10 2.87726E-11 4.51313E-15 1.02842E-13 6.62640E-19 4.23561E-10 4.18566E-15
 7.53745E-17 2.37065E-14 4.60397E-11 6.22214E-13 7.47449E-13 5.12110E-19 2.80585E-19 1.01780E-10
 2.34838E-12 1.64985E-14 6.71482E-12 8.25245E-15 7.47853E-06 7.31406E-14 3.42900E-13 8.52693E-13
 2.13358E-07 4.39855E-21 5.51365E-07 1.55478E-06 3.21044E-08 1.51252E-13 3.99743E-14 2.95449E-07
 1.82194E-10 1.06361E-10 1.51393E-13 9.12882E-10 3.02616E-11 6.48963E-15 2.01231E-13 1.37023E-18
 4.12251E-10 4.88229E-15 9.60589E-17 3.70928E-14 5.68183E-11 1.13955E-12 2.40925E-13 1.21665E-19
 9.90138E-20 6.63831E-11 1.25297E-12 5.51875E-15 6.50679E-12 1.79043E-14 7.51748E-06 8.21599E-14
 3.51576E-13 4.91897E-13 3.37767E-07 4.86909E-21 5.49925E-07 1.53592E-06 2.69166E-08 1.14461E-13
 3.78923E-14 2.91593E-07 2.18488E-10 1.70147E-10 1.59619E-13 1.29553E-09 3.85686E-11 1.14744E-14
 4.93420E-13 3.79300E-18 3.95201E-10 7.92257E-15 1.36629E-16 6.88702E-14 7.24367E-11 2.53683E-12
 6.10424E-14 2.30612E-20 3.20796E-20 3.86916E-11 6.51140E-13 1.40168E-15 6.69152E-12 3.78413E-14
 7.57359E-06 9.67374E-14 4.05284E-13 5.02653E-13 5.18254E-07 5.61242E-21 5.47537E-07 1.50890E-06
 2.20885E-08 1.11613E-13 3.84199E-14 2.85909E-07 2.60546E-10 2.64408E-10 1.74213E-13 1.85901E-09
 5.28369E-11 2.10577E-14 1.20768E-12 1.05695E-17 3.73295E-10 1.46569E-14 2.02314E-16 1.30144E-13
 9.12709E-11 5.54022E-12 1.30967E-14 3.92341E-21 1.45917E-20 2.09790E-11 3.30440E-13 2.88360E-16
 7.15520E-12 7.66326E-14 7.64718E-06 1.17710E-13 5.06106E-13 6.39561E-13 7.59288E-07 6.74629E-21
 5.44020E-07 1.47367E-06 1.80443E-08 1.23265E-13 4.08232E-14 2.78303E-07 3.08953E-10 3.92135E-10
 1.94225E-13 2.60036E-09 7.35151E-11 3.73460E-14 2.70251E-12 2.71818E-17 3.47479E-10 2.84010E-14
 3.01337E-16 2.38442E-13 1.11377E-10 1.11279E-11 2.47078E-15 6.27279E-22 1.32366E-20 1.08177E-11
 1.64374E-13 5.01354E-17 7.87919E-12 1.48128E-13 7.73586E-06 1.47490E-13 6.67069E-13 9.10370E-13
 1.05877E-06 8.56239E-21 5.39338E-07 1.43144E-06 1.49595E-08 1.47976E-13 4.52587E-14 2.68969E-07
 3.62563E-10 5.50010E-10 2.19388E-13 3.48667E-09 1.00312E-10 6.21245E-14 5.32058E-12 6.32406E-17
 3.19342E-10 5.55065E-14 4.45093E-16 4.18457E-13 1.30296E-10 2.01381E-11 4.26562E-16 9.86182E-23
 1.61884E-20 5.43912E-12 8.18172E-14 7.75426E-18 8.87344E-12 2.75479E-13 7.83724E-06 1.89769E-13
 9.12193E-13 1.39322E-12 1.41662E-06 1.15397E-20 5.33485E-07 1.38343E-06 1.27507E-08 1.88570E-13
 5.20861E-14 2.58124E-07 4.20480E-10 7.34175E-10 2.50026E-13 4.48243E-09 1.32739E-10 9.71527E-14
 9.29028E-12 1.34662E-16 2.90102E-10 1.08069E-13 6.49073E-16 7.06752E-13 1.46133E-10 3.32002E-11
 6.85924E-17 1.54102E-23 1.96918E-20 2.69867E-12 4.11374E-14 1.09935E-18 1.01801E-11 4.96299E-13
 7.94777E-06 2.50435E-13 1.28171E-12 2.24401E-12 1.83033E-06 1.65477E-20 5.26556E-07 1.33135E-06
 1.12645E-08 2.51197E-13 6.19942E-14 2.46123E-07 4.82203E-10 9.39564E-10 2.87225E-13 5.53852E-09
 1.69705E-10 1.43811E-13 1.45805E-11 2.64466E-16 2.60995E-10 2.08320E-13 9.33095E-16 1.15333E-12
 1.57490E-10 5.04032E-11 1.04221E-17 2.41556E-24 2.26107E-20 1.33559E-12 2.10984E-14 1.46761E-19
 1.18664E-11 8.71081E-13 8.06333E-06 3.38563E-13 1.83892E-12 3.74682E-12 2.29475E-06 2.51764E-20
 5.18735E-07 1.27721E-06 1.03317E-08 3.45382E-13 7.60017E-14 2.33410E-07 5.48131E-10 1.16224E-09
 3.32822E-13 6.59813E-09 2.09663E-10 2.03097E-13 2.08777E-11 4.80546E-16 2.33132E-10 3.95720E-13
 1.32256E-15 1.82268E-12 1.63760E-10 7.11386E-11 1.51614E-18 3.83126E-25 2.46916E-20 6.67136E-13
 1.11587E-14 1.88942E-20 1.40294E-11 1.50186E-12 8.18210E-06 4.67822E-13 2.68597E-12 6.42595E-12
 2.81131E-06 4.03805E-20 5.10087E-07 1.22189E-06 9.78855E-09 4.85585E-13 9.55744E-14 2.20191E-07
 6.19724E-10 1.40630E-09 3.89147E-13 7.62451E-09 2.52059E-10 2.77559E-13 2.79438E-11 8.10884E-16
 2.06871E-10 7.40206E-13 1.84852E-15 2.79914E-12 1.65202E-10 9.46359E-11 2.09805E-19 6.05849E-26
 2.57486E-20 3.36691E-13 6.09244E-15 2.34303E-21 1.67788E-11 2.55738E-12 8.30286E-06 6.58632E-13
 3.97339E-12 1.11711E-11 3.38062E-06 6.78141E-20 5.00651E-07 1.16598E-06 9.51414E-09 6.89196E-13
 1.22463E-13 2.06619E-07 7.00357E-10 1.68188E-09 4.59736E-13 8.58154E-09 2.96146E-10 3.70632E-13
 3.55981E-11 1.26763E-15 1.82384E-10 1.35533E-12 2.54957E-15 4.17715E-12 1.62581E-10 1.19748E-10
 2.73301E-20 9.38629E-27 2.57482E-20 1.71632E-13 3.48275E-15 2.77606E-22 2.02340E-11 4.31205E-12
 8.42469E-06 9.41499E-13 5.91002E-12 1.93480E-11 3.99957E-06 1.18576E-19 4.90454E-07 1.10994E-06
 9.42188E-09 9.72140E-13 1.58524E-13 1.92825E-07 7.95942E-10 2.00490E-09 5.50348E-13 9.42958E-09
 3.40497E-10 4.86144E-13 4.36765E-11 1.82732E-15 1.59768E-10 2.40694E-12 3.47835E-15 6.04576E-12
 1.57048E-10 1.44975E-10 3.31444E-21 1.40162E-27 2.48316E-20 8.84176E-14 2.31983E-15 3.11096E-23
 2.44624E-11 7.20661E-12 8.54745E-06 1.35901E-12 8.74621E-12 3.26865E-11 4.66226E-06 2.14592E-19
 4.79460E-07 1.05387E-06 9.44848E-09 1.33648E-12 2.04750E-13 1.78862E-07 9.15949E-10 2.39941E-09
 6.69208E-13 1.01270E-08 3.82798E-10 6.28112E-13 5.20418E-11 2.41946E-15 1.38973E-10 4.09569E-12
 4.71187E-15 8.46573E-12 1.49962E-10 1.68745E-10 3.68893E-22 1.97726E-28 2.32058E-20 4.59987E-14
 2.60614E-15 3.24811E-24 2.94386E-11 1.19298E-11 8.67136E-06 1.96894E-12 1.27320E-11 5.27771E-11
 5.35650E-06 3.99992E-19 4.67598E-07 9.97701E-07 9.54591E-09 1.75720E-12 2.60407E-13 1.64754E-07
 1.07354E-09 2.89454E-09 8.27875E-13 1.06278E-08 4.19477E-10 7.99353E-13 6.03787E-11 2.94765E-15
 1.19909E-10 6.60722E-12 6.37468E-15 1.14605E-11 1.42688E-10 1.89574E-10 3.71480E-23 2.60103E-29
 2.11234E-20 2.41617E-14 6.18469E-15 3.12980E-25 3.50711E-11 1.95229E-11 8.79680E-06 2.85394E-12
 1.80932E-11 8.03995E-11 6.06236E-06 7.67101E-19 4.54775E-07 9.41306E-07 9.67491E-09 2.18484E-12
 3.23506E-13 1.50524E-07 1.28446E-09 3.51614E-09 1.04346E-12 1.08883E-08 4.45887E-10 9.99159E-13
 6.78988E-11 3.34805E-15 1.02485E-10 1.00840E-11 8.67826E-15 1.50518E-11 1.36352E-10 2.06262E-10
 3.33322E-24 3.35977E-30 1.88400E-20 1.28248E-14 1.75217E-14 2.93489E-26 4.10971E-11 3.14552E-11
 8.92312E-06 4.12737E-12 2.49184E-11 1.14333E-10 6.74771E-06 1.51108E-18 4.41001E-07 8.85015E-07
 9.80056E-09 2.54769E-12 3.90032E-13 1.36331E-07 1.56749E-09 4.27251E-09 1.33981E-12 1.08722E-08
 4.55814E-10 1.21554E-12 7.29672E-11 3.63498E-15 8.67497E-11 1.45879E-11 1.19902E-14 1.92967E-11
 1.31877E-10 2.17720E-10 2.64718E-25 6.94007E-31 1.67267E-20 6.94432E-15 2.34021E-14 4.35882E-27
 4.72101E-11 4.98289E-11 9.04996E-06 5.94524E-12 3.32061E-11 1.51498E-10 7.37710E-06 3.06020E-18
 4.26274E-07 8.29016E-07 9.89771E-09 2.79445E-12 4.57221E-13 1.22320E-07 1.94011E-09 5.14927E-09
 1.74221E-12 1.05679E-08 4.45139E-10 1.43064E-12 7.39325E-11 3.86761E-15 7.26840E-11 2.01804E-11
 1.69075E-14 2.43773E-11 1.29890E-10 2.23095E-10 1.84936E-26 4.70450E-31 1.50887E-20 3.91003E-15
 2.64364E-14 2.11178E-27 5.30772E-11 7.76993E-11 9.17809E-06 8.51238E-12 4.28614E-11 1.87608E-10
 7.91879E-06 6.37425E-18 4.10465E-07 7.72988E-07 9.95352E-09 2.90699E-12 5.23883E-13 1.08526E-07
 2.41758E-09 6.10947E-09 2.27230E-12 9.99080E-09 4.13649E-10 1.62562E-12 7.00051E-11 4.10103E-15
 6.01336E-11 2.69458E-11 2.43765E-14 3.06140E-11 1.30783E-10 2.21741E-10 1.13334E-27 5.41665E-31
 1.42638E-20 2.36627E-15 2.79801E-14 1.73090E-27 5.83909E-11 1.19397E-10 9.30630E-06 1.20843E-11
 5.36526E-11 2.17820E-10 8.33995E-06 1.36124E-17 3.93695E-07 7.17461E-07 9.96555E-09 2.89632E-12
 5.90450E-13 9.52097E-08 3.00987E-09 7.08202E-09 2.94052E-12 9.17711E-09 3.64524E-10 1.77983E-12
 6.14763E-11 4.36674E-15 4.91285E-11 3.49284E-11 3.58786E-14 3.84281E-11 1.34803E-10 2.12918E-10
 7.47952E-29 7.21672E-31 1.49649E-20 1.63435E-15 2.87121E-14 1.63065E-27 6.29512E-11 1.81233E-10
 9.43285E-06 1.69636E-11 6.52718E-11 2.38389E-10 8.61983E-06 2.96360E-17 3.76198E-07 6.63179E-07
 9.94152E-09 2.79459E-12 6.59028E-13 8.26672E-08 3.71837E-09 7.97782E-09 3.73496E-12 8.18536E-09
 3.04511E-10 1.87994E-12 4.99926E-11 4.64885E-15 3.96855E-11 4.40338E-11 5.35874E-14 4.82628E-11
 1.41872E-10 1.96334E-10 2.26184E-29 1.10893E-30 1.82680E-20 1.35522E-15 2.89912E-14 1.75829E-27
 6.66194E-11 2.72654E-10 9.55780E-06 2.34970E-11 7.73910E-11 2.47673E-10 8.75492E-06 6.53637E-17
 3.57992E-07 6.10082E-07 9.89162E-09 2.63524E-12 7.31850E-13 7.09821E-08 4.53607E-09 8.71363E-09
 4.61691E-12 7.08559E-09 2.41709E-10 1.92377E-12 3.78104E-11 4.87543E-15 3.16446E-11 5.38861E-11
 8.04692E-14 6.04430E-11 1.51501E-10 1.72686E-10 2.84405E-29 1.94329E-30 2.56419E-20 1.33782E-15
 2.90086E-14 2.14477E-27 6.92320E-11 4.07202E-10 9.68033E-06 3.20884E-11 8.95997E-11 2.45929E-10
 8.76016E-06 1.44878E-16 3.39240E-07 5.58482E-07 9.82215E-09 2.44102E-12 8.09350E-13 6.02873E-08
 5.44761E-09 9.20629E-09 5.53852E-12 5.95745E-09 1.82756E-10 1.90828E-12 2.66869E-11 4.98462E-15
 2.48955E-11 6.37456E-11 1.20198E-13 7.49543E-11 1.62572E-10 1.43953E-10 4.32560E-29 3.67187E-30
 3.92054E-20 1.48633E-15 2.88601E-14 2.80002E-27 7.07977E-11 6.05193E-10 9.79884E-06 4.32353E-11
 1.01659E-10 2.35378E-10 8.65937E-06 3.21300E-16 3.20255E-07 5.08998E-07 9.73955E-09 2.23548E-12
 8.93727E-13 5.07266E-08 6.42691E-09 9.39986E-09 6.44146E-12 4.87242E-09 1.32107E-10 1.83979E-12
 1.76715E-11 4.90182E-15 1.93436E-11 7.26576E-11 1.76820E-13 9.13680E-11 1.73611E-10 1.13084E-10
 6.70930E-29 7.06728E-30 6.16263E-20 1.75107E-15 2.85953E-14 3.69677E-27 7.14232E-11 8.97204E-10
 9.91180E-06 5.75922E-11 1.13452E-10 2.18841E-10 8.47467E-06 7.11865E-16 3.01383E-07 4.62210E-07
 9.65009E-09 2.03413E-12 9.87839E-13 4.23731E-08 7.44480E-09 9.27332E-09 7.27636E-12 3.88336E-09
 9.15829E-11 1.72826E-12 1.10291E-11 4.58400E-15 1.48650E-11 7.96289E-11 2.54677E-13 1.08828E-10
 1.83277E-10 8.33884E-11 1.02443E-28 1.33849E-29 9.60336E-20 2.10504E-15 2.82413E-14 4.76641E-27
 7.13491E-11 1.33039E-09 1.00175E-05 7.60652E-11 1.25016E-10 1.99004E-10 8.21799E-06 1.57815E-15
 2.83041E-07 4.18768E-07 9.56065E-09 1.84804E-12 1.09699E-12 3.52542E-08 8.47307E-09 8.84015E-09
 8.00735E-12 3.02152E-09 6.10159E-11 1.58569E-12 6.50705E-12 4.03243E-15 1.13316E-11 8.38812E-11
 3.59003E-13 1.26208E-10 1.90894E-10 5.75689E-11 1.51985E-28 2.45809E-29 1.45541E-19 2.53086E-15
 2.78154E-14 5.90473E-27 7.06812E-11 1.97641E-09 1.01156E-05 9.99121E-11 1.36414E-10 1.77976E-10
 7.89514E-06 3.50578E-15 2.65418E-07 3.78706E-07 9.47339E-09 1.67845E-12 1.22435E-12 2.92544E-08
 9.49137E-09 8.13349E-09 8.63185E-12 2.29645E-09 3.90823E-11 1.41893E-12 3.62244E-12 3.33543E-15
 8.57151E-12 8.50848E-11 4.97742E-13 1.42297E-10 1.96617E-10 3.71768E-11 2.18852E-28 4.36768E-29
 2.13658E-19 3.02107E-15 2.73251E-14 6.99970E-27 6.95078E-11 2.94619E-09 1.02062E-05 1.30697E-10
 1.47881E-10 1.57541E-10 7.50529E-06 7.81170E-15 2.48655E-07 3.41945E-07 9.39277E-09 1.52743E-12
 1.37347E-12 2.42311E-08 1.04789E-08 7.20593E-09 9.14230E-12 1.70090E-09 2.40668E-11 1.23519E-12
 1.89303E-12 2.59217E-15 6.43225E-12 8.33282E-11 6.83803E-13 1.55909E-10 2.01483E-10 2.24099E-11
 3.07876E-28 7.54325E-29 3.04110E-19 3.57527E-15 2.67709E-14 7.95925E-27 6.79216E-11 4.40804E-09
 1.02886E-05 1.69887E-10 1.59852E-10 1.39240E-10 7.05206E-06 1.74065E-14 2.33027E-07 3.08694E-07
 9.33056E-09 1.39994E-12 1.54795E-12 2.00769E-08 1.14056E-08 6.13127E-09 9.49412E-12 1.22133E-09
 1.42771E-11 1.04316E-12 9.23237E-13 1.88604E-15 4.80140E-12 7.89620E-11 9.36364E-13 1.65815E-10
 2.07166E-10 1.25671E-11 4.27016E-28 1.27299E-28 4.20382E-19 4.19467E-15 2.61513E-14 8.72733E-27
 6.58301E-11 6.59579E-09 1.03627E-05 2.17990E-10 1.72846E-10 1.24173E-10 6.55300E-06 3.83479E-14
 2.18674E-07 2.78866E-07 9.30175E-09 1.29929E-12 1.74511E-12 1.66506E-08 1.22205E-08 4.99926E-09
 9.60082E-12 8.43493E-10 8.20345E-12 8.51472E-13 4.18187E-13 1.28796E-15 3.57087E-12 7.25709E-11
 1.27984E-12 1.70885E-10 2.15394E-10 6.54785E-12 5.89805E-28 2.10817E-28 5.67650E-19 4.88891E-15
 2.54570E-14 9.31738E-27 6.31506E-11 9.80456E-09 1.04289E-05 2.73759E-10 1.87351E-10 1.12714E-10
 6.02986E-06 8.22047E-14 2.05715E-07 2.52347E-07 9.32580E-09 1.22831E-12 1.95994E-12 1.38239E-08
 1.28550E-08 3.91033E-09 9.35246E-12 5.56223E-10 4.60305E-12 6.70482E-13 1.75892E-13 8.24992E-16
 2.65142E-12 6.47533E-11 1.73981E-12 1.70355E-10 2.27573E-10 3.17676E-12 8.16343E-28 3.42903E-28
 7.51923E-19 5.67005E-15 2.46756E-14 9.78841E-27 5.98161E-11 1.43406E-08 1.04864E-05 3.34352E-10
 2.03450E-10 1.04603E-10 5.51246E-06 1.68440E-13 1.94376E-07 2.29258E-07 9.42073E-09 1.18415E-12
 2.17966E-12 1.15127E-08 1.32584E-08 2.94845E-09 8.73954E-12 3.50617E-10 2.55102E-12 5.08574E-13
 6.94032E-14 5.05500E-16 1.97736E-12 5.62315E-11 2.33394E-12 1.64201E-10 2.44052E-10 1.45393E-12
 1.12678E-27 5.43940E-28 9.83921E-19 6.53724E-15 2.38082E-14 1.01856E-26 5.59541E-11 2.04813E-08
 1.05353E-05 3.96350E-10 2.20824E-10 9.90209E-11 5.01687E-06 3.26412E-13 1.84811E-07 2.09626E-07
 9.60441E-09 1.16152E-12 2.39387E-12 9.64215E-09 1.34185E-08 2.16197E-09 7.83867E-12 2.12875E-10
 1.40985E-12 3.72477E-13 2.61190E-14 3.00645E-16 1.49209E-12 4.75823E-11 3.06556E-12 1.53234E-10
 2.64238E-10 6.38441E-13 1.53437E-27 8.34199E-28 1.27609E-18 7.47766E-15 2.28675E-14 1.05304E-26
 5.17686E-11 2.84642E-08 1.05763E-05 4.56847E-10 2.38907E-10 9.49932E-11 4.54647E-06 5.97470E-13
 1.76942E-07 1.93062E-07 9.89705E-09 1.15415E-12 2.59906E-12 8.11978E-09 1.33531E-08 1.55718E-09
 6.76426E-12 1.25526E-10 7.80855E-13 2.64821E-13 9.51263E-15 1.73465E-16 1.14248E-12 3.92225E-11
 3.92165E-12 1.38831E-10 2.86860E-10 2.72777E-13 2.04051E-27 1.23035E-27 1.63936E-18 8.48271E-15
 2.18621E-14 1.08422E-26 4.73078E-11 3.83390E-08 1.06104E-05 5.14339E-10 2.57116E-10 9.22876E-11
 4.13102E-06 1.02929E-12 1.70653E-07 1.79168E-07 1.03195E-08 1.14980E-12 2.76151E-12 6.87143E-09
 1.31051E-08 1.10841E-09 5.71181E-12 7.29864E-11 4.38220E-13 1.83601E-13 3.45144E-15 1.03710E-16
 8.89232E-13 3.18860E-11 4.85791E-12 1.22933E-10 3.09568E-10 1.16663E-13 2.62462E-27 1.73244E-27
 2.12412E-18 9.53840E-15 2.08059E-14 1.12009E-26 4.30058E-11 5.03348E-08 1.06380E-05 5.68331E-10
 2.75202E-10 9.01041E-11 3.74898E-06 1.69288E-12 1.65873E-07 1.67722E-07 1.09160E-08 1.14974E-12
 2.90420E-12 5.85485E-09 1.27293E-08 7.86392E-10 4.71530E-12 4.21249E-11 2.48462E-13 1.25223E-13
 1.25063E-15 6.13803E-17 7.06506E-13 2.54496E-11 5.84650E-12 1.06638E-10 3.31561E-10 4.98798E-14
 3.25474E-27 2.33479E-27 2.73513E-18 1.06162E-14 1.97275E-14 1.16381E-26 3.89637E-11 6.45302E-08
 1.06602E-05 6.19084E-10 2.93015E-10 8.83210E-11 3.40491E-06 2.67276E-12 1.62436E-07 1.58347E-07
 1.17391E-08 1.14959E-12 3.01926E-12 5.02287E-09 1.22685E-08 5.58152E-10 3.83840E-12 2.43065E-11
 1.42696E-13 8.44485E-14 4.57008E-16 3.65345E-17 5.73348E-13 2.00612E-11 6.84336E-12 9.10319E-11
 3.51720E-10 2.15307E-14 3.89296E-27 3.01820E-27 3.51638E-18 1.16976E-14 1.86453E-14 1.22895E-26
 3.52510E-11 8.10293E-08 1.06778E-05 6.67514E-10 3.10700E-10 8.69327E-11 3.09791E-06 4.07933E-12
 1.60164E-07 1.50662E-07 1.28620E-08 1.14719E-12 3.10402E-12 4.33518E-09 1.17521E-08 3.97038E-10
 3.09860E-12 1.40786E-11 8.30540E-14 5.65468E-14 1.69107E-16 2.19719E-17 4.74683E-13 1.56959E-11
 7.81431E-12 7.67782E-11 3.69478E-10 9.42860E-15 4.51152E-27 3.76315E-27 4.52552E-18 1.27708E-14
 1.75711E-14 1.33427E-26 3.19210E-11 1.00093E-07 1.06915E-05 7.14884E-10 3.28623E-10 8.58542E-11
 2.81773E-06 6.07735E-12 1.58913E-07 1.44410E-07 1.43722E-08 1.14344E-12 3.17135E-12 3.76609E-09
 1.12058E-08 2.83677E-10 2.48193E-12 8.20249E-12 4.88709E-14 3.77052E-14 6.31636E-17 1.30720E-17
 4.00878E-13 1.21902E-11 8.74704E-12 6.40985E-11 3.84810E-10 4.17360E-15 5.09120E-27 4.55512E-27
 5.79505E-18 1.38171E-14 1.65235E-14 1.49573E-26 2.89620E-11 1.21718E-07 1.07020E-05 7.62815E-10
 3.47310E-10 8.54170E-11 2.56790E-06 8.85854E-12 1.58546E-07 1.39353E-07 1.63728E-08 1.13583E-12
 3.20740E-12 3.29397E-09 1.06473E-08 2.03557E-10 1.98786E-12 4.82817E-12 2.91702E-14 2.51082E-14
 2.39606E-17 7.84813E-18 3.45059E-13 9.47627E-12 9.62055E-12 5.31879E-11 3.97619E-10 1.88298E-15
 5.63690E-27 5.38481E-27 7.44257E-18 1.48217E-14 1.55173E-14 1.74721E-26 2.63652E-11 1.46008E-07
 1.07096E-05 8.13286E-10 3.67549E-10 8.58205E-11 2.34187E-06 1.27052E-11 1.58931E-07 1.35309E-07
 1.89730E-08 1.12431E-12 3.21364E-12 2.90391E-09 1.00930E-08 1.46846E-10 1.59609E-12 2.87920E-12
 1.76705E-14 1.67312E-14 9.23158E-18 4.71185E-18 3.02622E-13 7.39307E-12 1.04341E-11 4.39385E-11
 4.08182E-10 8.65859E-16 6.16872E-27 6.25924E-27 9.57814E-18 1.57670E-14 1.45699E-14 2.12623E-26
 2.40997E-11 1.73072E-07 1.07150E-05 8.68818E-10 3.90436E-10 8.73107E-11 2.13191E-06 1.80361E-11
 1.59930E-07 1.32123E-07 2.22759E-08 1.10899E-12 3.19435E-12 2.58416E-09 9.55686E-09 1.06705E-10
 1.28634E-12 1.74449E-12 1.08725E-14 1.11754E-14 3.61088E-18 2.79024E-18 2.70304E-13 5.79424E-12
 1.11957E-11 3.61547E-11 4.16836E-10 4.04943E-16 6.72274E-27 7.20259E-27 1.23089E-17 1.66372E-14
 1.36970E-14 2.67945E-26 2.21329E-11 2.02364E-07 1.07184E-05 9.32460E-10 4.17342E-10 9.05100E-11
 1.93981E-06 2.53260E-11 1.61424E-07 1.29626E-07 2.64081E-08 1.08742E-12 3.12963E-12 2.32187E-09
 9.04462E-09 7.81544E-11 1.04863E-12 1.07962E-12 6.83715E-15 7.50715E-15 1.44558E-18 1.65420E-18
 2.45449E-13 4.59891E-12 1.18913E-11 2.97105E-11 4.23805E-10 1.94524E-16 7.37342E-27 8.26527E-27
 1.59541E-17 1.74282E-14 1.29023E-14 3.51254E-26 2.04054E-11 2.33798E-07 1.07204E-05 1.00863E-09
 4.50359E-10 9.58733E-11 1.75475E-06 3.54509E-11 1.63323E-07 1.27664E-07 3.15520E-08 1.06032E-12
 3.03220E-12 2.10497E-09 8.55638E-09 5.78866E-11 8.62262E-13 6.82811E-13 4.39342E-15 5.07494E-15
 5.90264E-19 9.57830E-19 2.25992E-13 3.68338E-12 1.25342E-11 2.43240E-11 4.29483E-10 9.51954E-17
 8.20794E-27 9.53411E-27 2.06797E-17 1.81449E-14 1.21809E-14 4.73715E-26 1.88751E-11 2.66548E-07
 1.07211E-05 1.10280E-09 4.92083E-10 1.04380E-10 1.57645E-06 4.95386E-11 1.65559E-07 1.26119E-07
 3.79268E-08 1.02614E-12 2.89338E-12 1.92459E-09 8.09251E-09 4.35204E-11 7.18141E-13 4.43561E-13
 2.90351E-15 3.46721E-15 2.47763E-19 5.43988E-19 2.10538E-13 2.98675E-12 1.31103E-11 1.98393E-11
 4.34104E-10 4.77021E-17 9.36339E-27 1.11336E-26 2.69029E-17 1.87912E-14 1.15284E-14 6.57643E-26
 1.75034E-11 2.99794E-07 1.07210E-05 1.22196E-09 5.45772E-10 1.17318E-10 1.40606E-06 6.92552E-11
 1.68046E-07 1.24918E-07 4.57053E-08 9.83922E-13 2.70982E-12 1.77611E-09 7.65983E-09 3.34286E-11
 6.08443E-13 2.98764E-13 1.99159E-15 2.41105E-15 1.08476E-19 3.03959E-19 1.98286E-13 2.45887E-12
 1.36085E-11 1.61181E-11 4.37867E-10 2.46525E-17 1.10159E-26 1.32254E-26 3.52074E-17 1.93623E-14
 1.09489E-14 9.40211E-26 1.62461E-11 3.33547E-07 1.07200E-05 1.37503E-09 6.15524E-10 1.36140E-10
 1.24308E-06 9.74549E-11 1.70694E-07 1.23999E-07 5.50526E-08 9.34475E-13 2.49487E-12 1.65575E-09
 7.26548E-09 2.64588E-11 5.24250E-13 2.10364E-13 1.42723E-15 1.71881E-15 5.01579E-20 1.65804E-19
 1.88645E-13 2.04918E-12 1.40306E-11 1.30149E-11 4.40968E-10 1.31387E-17 1.33758E-26 1.60119E-26
 4.60648E-17 1.98549E-14 1.04455E-14 1.37421E-25 1.50694E-11 3.68268E-07 1.07184E-05 1.57182E-09
 7.05663E-10 1.62993E-10 1.09294E-06 1.38405E-10 1.73457E-07 1.23298E-07 6.63109E-08 8.78586E-13
 2.25600E-12 1.55857E-09 6.90984E-09 2.17293E-11 4.60084E-13 1.55632E-13 1.07505E-15 1.26724E-15
 2.48457E-20 8.85563E-20 1.81036E-13 1.72648E-12 1.43567E-11 1.04353E-11 4.43551E-10 7.25062E-18
 1.67055E-26 1.97217E-26 6.03632E-17 2.02740E-14 1.00121E-14 2.05203E-25 1.39561E-11 4.06802E-07
 1.07164E-05 1.82498E-09 8.21383E-10 2.00567E-10 9.60327E-07 1.99982E-10 1.76277E-07 1.22770E-07
 7.98776E-08 8.18824E-13 2.01276E-12 1.48128E-09 6.59588E-09 1.85884E-11 4.10514E-13 1.21116E-13
 8.51030E-16 9.71585E-16 1.32777E-20 4.61413E-20 1.75084E-13 1.46392E-12 1.45941E-11 8.29718E-12
 4.45721E-10 4.12272E-18 2.12320E-26 2.45372E-26 7.87991E-17 2.06216E-14 9.64608E-15 3.10605E-25
 1.29184E-11 4.55256E-07 1.07141E-05 2.15163E-09 9.68928E-10 2.52269E-10 8.53030E-07 2.97174E-10
 1.79051E-07 1.22383E-07 9.60745E-08 7.58332E-13 1.77993E-12 1.42214E-09 6.33051E-09 1.65162E-11
 3.72816E-13 9.88837E-14 7.04199E-16 7.76554E-16 7.65961E-21 2.35333E-20 1.70578E-13 1.24782E-12
 1.47618E-11 6.54733E-12 4.47524E-10 2.39725E-18 2.69885E-26 3.04390E-26 1.02242E-16 2.08948E-14
 9.34941E-15 4.74211E-25 1.19960E-11 5.26372E-07 1.07116E-05 2.58178E-09 1.15822E-09 3.22574E-10
 7.80682E-07 4.63020E-10 1.81664E-07 1.22114E-07 1.15363E-07 6.99944E-13 1.56829E-12 1.37933E-09
 6.11887E-09 1.50537E-11 3.46091E-13 8.39280E-14 6.00774E-16 6.44827E-16 4.70198E-21 1.18181E-20
 1.67333E-13 1.07250E-12 1.48969E-11 5.13847E-12 4.48976E-10 1.40144E-18 3.35655E-26 3.69763E-26
 1.31558E-16 2.10926E-14 9.12224E-15 7.28140E-25 1.12831E-11 6.51603E-07 1.07089E-05 3.18605E-09
 1.41023E-09 4.14886E-10 7.67691E-07 7.85558E-10 1.83941E-07 1.21941E-07 1.38319E-07 6.45957E-13
 1.37629E-12 1.35146E-09 5.96705E-09 1.37340E-11 3.35026E-13 7.33959E-14 5.18385E-16 5.54054E-16
 3.00620E-21 5.99348E-21 1.65217E-13 9.46504E-13 1.50529E-11 4.04164E-12 4.50045E-10 8.05841E-19
 3.95483E-26 4.27288E-26 1.69150E-16 2.12116E-14 8.96572E-15 1.13848E-24 1.10015E-11 9.81745E-07
 1.07063E-05 4.19613E-09 1.77795E-09 5.13626E-10 9.14213E-07 1.67360E-09 1.85540E-07 1.21855E-07
 1.65508E-07 6.03955E-13 1.22445E-12 1.33774E-09 5.88576E-09 1.14767E-11 3.51410E-13 6.57039E-14
 4.30933E-16 4.72649E-16 1.89762E-21 3.13657E-21 1.64161E-13 8.78316E-13 1.54545E-11 3.20159E-12
 4.50552E-10 4.16627E-19 4.12793E-26 4.24328E-26 2.14750E-16 2.12480E-14 8.88370E-15 1.82017E-24
 2.85697E+02 2.80562E+02 2.75188E+02 2.69600E+02 2.63736E+02 2.57128E+02 2.49522E+02 2.41122E+02
 2.32330E+02 2.24427E+02 2.18859E+02 2.15888E+02 2.14529E+02 2.13883E+02 2.13626E+02 2.13597E+02
 2.13719E+02 2.13964E+02 2.14323E+02 2.14816E+02 2.15480E+02 2.16378E+02 2.17558E+02 2.19033E+02
 2.20779E+02 2.22732E+02 2.24795E+02 2.26802E+02 2.28690E+02 2.30481E+02 2.32219E+02 2.33985E+02
 2.35872E+02 2.37843E+02 2.39886E+02 2.41997E+02 2.44217E+02 2.46516E+02 2.48891E+02 2.51356E+02
 2.53850E+02 2.56351E+02 2.58656E+02 2.60645E+02 2.62380E+02 2.63276E+02 2.63836E+02 2.63944E+02
 2.63574E+02 2.62973E+02 2.61912E+02 2.60460E+02 2.58768E+02 2.56562E+02 2.54181E+02 2.51553E+02
 2.48627E+02 2.45603E+02 2.42435E+02 2.39264E+02 2.36110E+02 2.32964E+02 2.29436E+02 2.25326E+02
 1.00000E+05 1.00000E+05 1.00000E+05 1.00000E+05 1.00000E+05 1.00000E+05 1.00000E+05 1.00000E+05
 1.00000E+05 8.94400E+04 4.89900E+04 2.25800E+04 1.16600E+04 6.81200E+03 5.16500E+03 4.29000E+03
 3.95000E+03 3.90000E+03 3.99900E+03 4.34300E+03 4.84400E+03 5.43900E+03 6.18700E+03 7.03600E+03
 7.98400E+03 8.98600E+03 1.00400E+04 1.12800E+04 1.24900E+04 1.36400E+04 1.51300E+04 1.66900E+04
 1.81800E+04 1.99800E+04 2.19800E+04 2.44500E+04 2.74600E+04 3.04600E+04 3.39400E+04 3.79500E+04
 4.19500E+04 4.64300E+04 5.19100E+04 5.84000E+04 6.44500E+04 7.13600E+04 7.99000E+04 8.79100E+04
 9.68700E+04 1.06900E+05 1.17900E+05 1.31800E+05 1.48300E+05 1.65800E+05 1.83300E+05 2.01800E+05
 2.25600E+05 2.52200E+05 2.77200E+05 3.07000E+05 3.42100E+05 3.79500E+05 4.21900E+05 4.71700E+05
 2.41993E+19 2.18422E+19 1.96942E+19 1.77352E+19 1.59523E+19 1.43538E+19 1.29286E+19 1.16434E+19
 1.04640E+19 9.33149E+18 8.20610E+18 7.11308E+18 6.11115E+18 5.22942E+18 4.46555E+18 3.80897E+18
 3.24691E+18 2.76671E+18 2.35692E+18 2.00732E+18 1.70904E+18 1.45442E+18 1.23714E+18 1.05198E+18
 8.94546E+17 7.61024E+17 6.48084E+17 5.52866E+17 4.72548E+17 4.04598E+17 3.46923E+17 2.97793E+17
 2.55802E+17 2.19937E+17 1.89292E+17 1.63089E+17 1.40642E+17 1.21417E+17 1.04937E+17 9.07935E+16
 7.86621E+16 6.82484E+16 5.93395E+16 5.17182E+16 4.51654E+16 3.95975E+16 3.47743E+16 3.05972E+16
 2.69700E+16 2.37891E+16 2.10127E+16 1.85777E+16 1.64285E+16 1.45441E+16 1.28710E+16 1.13882E+16
 1.00750E+16 8.90394E+15 7.86169E+15 6.93044E+15 6.09910E+15 5.35833E+15 4.70673E+15 4.13614E+15
 8.58011E-11 1.04346E-10 1.43317E-10 1.91791E-10 2.44013E-10 2.95198E-10 3.41243E-10 3.79708E-10
 4.10069E-10 4.34284E-10 4.58921E-10 4.93437E-10 5.28915E-10 5.58313E-10 5.73051E-10 5.70844E-10
 5.54649E-10 5.28897E-10 4.97384E-10 4.63219E-10 4.28807E-10 3.95231E-10 3.63054E-10 3.32561E-10
 3.03753E-10 2.76518E-10 2.50689E-10 2.26323E-10 2.03383E-10 1.81626E-10 1.61171E-10 1.42174E-10
 1.24501E-10 1.08166E-10 9.32750E-11 7.98927E-11 6.80720E-11 5.76806E-11 4.85718E-11 4.06742E-11
 3.38471E-11 2.79688E-11 2.29874E-11 1.88297E-11 1.53545E-11 1.24452E-11 1.00423E-11 8.06181E-12
 6.42691E-12 5.08869E-12 3.99155E-12 3.11857E-12 2.43029E-12 1.88568E-12 1.45199E-12 1.10770E-12
 8.40205E-13 6.33291E-13 4.71680E-13 3.47583E-13 2.53899E-13 1.83469E-13 1.31119E-13 9.27762E-14
 1.99027E+02 1.69838E+02 1.70673E+02 1.82976E+02 1.90930E+02 1.94395E+02 1.90302E+02 1.82920E+02
 1.69854E+02 1.53974E+02 1.39570E+02 1.24963E+02 1.13271E+02 1.01567E+02 8.78774E+01 7.36458E+01
 6.00693E+01 4.80100E+01 3.78564E+01 2.95331E+01 2.28816E+01 1.76520E+01 1.35392E+01 1.03393E+01
 7.88579E+00 6.00067E+00 4.54936E+00 3.45292E+00 2.61860E+00 1.97963E+00 1.49149E+00 1.11803E+00
 8.32156E-01 6.15009E-01 4.51911E-01 3.30116E-01 2.39875E-01 1.73464E-01 1.24759E-01 8.93009E-02
 6.35865E-02 4.53407E-02 3.24008E-02 2.31318E-02 1.64726E-02 1.17056E-02 8.29492E-03 5.85917E-03
 4.11723E-03 2.87546E-03 1.99226E-03 1.37616E-03 9.48372E-04 6.51442E-04 4.43913E-04 2.99639E-04
 2.01072E-04 1.33939E-04 8.80816E-05 5.72191E-05 3.70487E-05 2.37434E-05 1.50574E-05 9.47944E-06
 1.00000E-12 1.00000E-12 1.00000E-12 1.00000E-12 1.00000E-12 1.00000E-12 1.00000E-12 1.00000E-12
 1.00000E-12 1.00000E-12 1.00000E-12 1.00000E-12 1.00000E-12 1.00000E-12 1.00000E-12 1.00000E-12
 1.00000E-12 1.00000E-12 1.00000E-12 1.00000E-12 1.00000E-12 1.00000E-12 1.00000E-12 1.00000E-12
 1.00000E-12 1.00000E-12 1.00000E-12 1.00000E-12 1.00000E-12 1.00000E-12 1.00000E-12 1.00000E-12
 1.00000E-12 1.00000E-12 1.00000E-12 1.00000E-12 1.00000E-12 1.00000E-12 1.00000E-12 1.00000E-12
 1.00000E-12 1.00000E-12 1.00000E-12 1.00000E-12 1.00000E-12 1.00000E-12 1.00000E-12 1.00000E-12
 1.00000E-12 1.00000E-12 1.00000E-12 1.00000E-12 1.00000E-12 1.00000E-12 1.00000E-12 1.00000E-12
 1.00000E-12 1.00000E-12 1.00000E-12 1.00000E-12 1.00000E-12 1.00000E-12 1.00000E-12 1.00000E-12
 1.00000E-12 1.00000E-12 1.00000E-12 1.00000E-12 1.00000E-12 1.00000E-12 1.00000E-12 1.00000E-12
 1.00000E-12 1.00000E-12 1.00000E-12 1.00000E-12 1.00000E-12 1.00000E-12 1.00000E-12 1.00000E-12
 1.00000E-12 1.00000E-12 1.00000E-12 1.00000E-12 1.00000E-12 1.00000E-12 1.00000E-12 1.00000E-12
 1.00000E-12 1.00000E-12 1.00000E-12 1.00000E-12 1.00000E-12 1.00000E-12 1.00000E-12 1.00000E-12
 1.00000E-12 1.00000E-12 1.00000E-12 1.00000E-12 1.00000E-12 1.00000E-12 1.00000E-12 1.00000E-12
 1.00000E-12 1.00000E-12 1.00000E-12 1.00000E-12 1.00000E-12 1.00000E-12 1.00000E-12 1.00000E-12
 1.00000E-12 1.00000E-12 1.00000E-12 1.00000E-12 1.00000E-12 1.00000E-12 1.00000E-12 1.00000E-12
 1.00000E-12 1.00000E-12 1.00000E-12 1.00000E-12 1.00000E-12 1.00000E-12 1.00000E-12 1.00000E-12
 2.69596E-04 3.01374E-04 3.38653E-04 3.76651E-04 4.19621E-04 4.67892E-04 5.25006E-04 5.90416E-04
 6.69993E-04 7.65474E-04 8.75497E-04 1.01102E-03 1.16314E-03 1.33931E-03 1.54991E-03 1.79895E-03
 2.09371E-03 2.44213E-03 2.85201E-03 3.33515E-03 3.90395E-03 4.57111E-03 5.35689E-03 6.27982E-03
 7.35440E-03 8.60553E-03 1.00635E-02 1.17416E-02 1.36766E-02 1.59070E-02 1.84738E-02 2.14376E-02
 2.48591E-02 2.87997E-02 3.33214E-02 3.85151E-02 4.44878E-02 5.13368E-02 5.91804E-02 6.81517E-02
 7.83982E-02 8.98091E-02 1.02511E-01 1.16861E-01 1.33075E-01 1.51351E-01 1.72030E-01 1.95434E-01
 2.21953E-01 2.52079E-01 2.86309E-01 3.25292E-01 3.69805E-01 4.20674E-01 4.79056E-01 5.46179E-01
 6.23540E-01 7.13010E-01 8.16714E-01 9.37264E-01 1.07443E+00 1.23295E+00 1.41733E+00 1.63169E+00
 1.00000E+00 1.00000E+00 1.00000E+00 1.00000E+00 1.00000E+00 1.00000E+00 1.00000E+00 1.00000E+00
 1.00000E+00 1.00000E+00 1.00000E+00 1.00000E+00 1.00000E+00 1.00000E+00 1.00000E+00 1.00000E+00
 1.00000E+00 1.00000E+00 1.00000E+00 1.00000E+00 1.00000E+00 1.00000E+00 1.00000E+00 1.00000E+00
 1.00000E+00 1.00000E+00 1.00000E+00 1.00000E+00 1.00000E+00 1.00000E+00 1.00000E+00 1.00000E+00
 1.00000E+00 1.00000E+00 1.00000E+00 1.00000E+00 1.00000E+00 1.00000E+00 1.00000E+00 1.00000E+00
 1.00000E+00 1.00000E+00 1.00000E+00 1.00000E+00 1.00000E+00 1.00000E+00 1.00000E+00 1.00000E+00
 1.00000E+00 1.00000E+00 1.00000E+00 1.00000E+00 1.00000E+00 1.00000E+00 1.00000E+00 1.00000E+00
 1.00000E+00 1.00000E+00 1.00000E+00 1.00000E+00 1.00000E+00 1.00000E+00 1.00000E+00 1.00000E+00
 1.00000E+00 1.00000E+00 1.00000E+00 1.00000E+00 1.00000E+00 1.00000E+00 1.00000E+00 1.00000E+00
 1.00000E+00 1.00000E+00 1.00000E+00 1.00000E+00 1.00000E+00 1.00000E+00 1.00000E+00 1.00000E+00
 1.00000E+00 1.00000E+00 1.00000E+00 1.00000E+00 1.00000E+00 1.00000E+00 1.00000E+00 1.00000E+00
 1.00000E+00 1.00000E+00 1.00000E+00 1.00000E+00 1.00000E+00 1.00000E+00 1.00000E+00 1.00000E+00
 1.00000E+00 1.00000E+00 1.00000E+00 1.00000E+00 1.00000E+00 1.00000E+00 1.00000E+00 1.00000E+00
 1.00000E+00 1.00000E+00 1.00000E+00 1.00000E+00 1.00000E+00 1.00000E+00 1.00000E+00 1.00000E+00
 1.00000E+00 1.00000E+00 1.00000E+00 1.00000E+00 1.00000E+00 1.00000E+00 1.00000E+00 1.00000E+00
 1.00000E+00 1.00000E+00 1.00000E+00 1.00000E+00 1.00000E+00 1.00000E+00 1.00000E+00 1.00000E+00
 1.00000E-05 1.00000E-05 1.00000E-05 1.00000E-05 1.00000E-05 1.00000E-05 1.00000E-05 1.00000E-05
 1.00000E-05 1.00000E-05 1.00000E-05 1.00000E-05 1.00000E-05 1.00000E-05 1.00000E-05 1.00000E-05
 1.00000E-05 1.00000E-05 1.00000E-05 1.00000E-05 1.00000E-05 1.00000E-05 1.00000E-05 1.00000E-05
 1.00000E-05 1.00000E-05 1.00000E-05 1.00000E-05 1.00000E-05 1.00000E-05 1.00000E-05 1.00000E-05
 1.00000E-05 1.00000E-05 1.00000E-05 1.00000E-05 1.00000E-05 1.00000E-05 1.00000E-05 1.00000E-05
 1.00000E-05 1.00000E-05 1.00000E-05 1.00000E-05 1.00000E-05 1.00000E-05 1.00000E-05 1.00000E-05
 1.00000E-05 1.00000E-05 1.00000E-05 1.00000E-05 1.00000E-05 1.00000E-05 1.00000E-05 1.00000E-05
 1.00000E-05 1.00000E-05 1.00000E-05 1.00000E-05 1.00000E-05 1.00000E-05 1.00000E-05 1.00000E-05
 1.00000E-09 1.00000E-09 1.00000E-09 1.00000E-09 1.00000E-09 1.00000E-09 1.00000E-09 1.00000E-09
 1.00000E-09 1.00000E-09 1.00000E-09 1.00000E-09 1.00000E-09 1.00000E-09 1.00000E-09 1.00000E-09
 1.00000E-09 1.00000E-09 1.00000E-09 1.00000E-09 1.00000E-09 1.00000E-09 1.00000E-09 1.00000E-09
 1.00000E-09 1.00000E-09 1.00000E-09 1.00000E-09 1.00000E-09 1.00000E-09 1.00000E-09 1.00000E-09
 1.00000E-09 1.00000E-09 1.00000E-09 1.00000E-09 1.00000E-09 1.00000E-09 1.00000E-09 1.00000E-09
 1.00000E-09 1.00000E-09 1.00000E-09 1.00000E-09 1.00000E-09 1.00000E-09 1.00000E-09 1.00000E-09
 1.00000E-09 1.00000E-09 1.00000E-09 1.00000E-09 1.00000E-09 1.00000E-09 1.00000E-09 1.00000E-09
 1.00000E-09 1.00000E-09 1.00000E-09 1.00000E-09 1.00000E-09 1.00000E-09 1.00000E-09 1.00000E-09
 1.00000E-09 1.00000E-09 1.00000E-09 1.00000E-09 1.00000E-09 1.00000E-09 1.00000E-09 1.00000E-09
 1.00000E-09 1.00000E-09 1.00000E-09 1.00000E-09 1.00000E-09 1.00000E-09 1.00000E-09 1.00000E-09
 1.00000E-09 1.00000E-09 1.00000E-09 1.00000E-09 1.00000E-09 1.00000E-09 1.00000E-09 1.00000E-09
 1.00000E-09 1.00000E-09 1.00000E-09 1.00000E-09 1.00000E-09 1.00000E-09 1.00000E-09 1.00000E-09
 1.00000E-09 1.00000E-09 1.00000E-09 1.00000E-09 1.00000E-09 1.00000E-09 1.00000E-09 1.00000E-09
 1.00000E-09 1.00000E-09 1.00000E-09 1.00000E-09 1.00000E-09 1.00000E-09 1.00000E-09 1.00000E-09
 1.00000E-09 1.00000E-09 1.00000E-09 1.00000E-09 1.00000E-09 1.00000E-09 1.00000E-09 1.00000E-09
 1.00000E-09 1.00000E-09 1.00000E-09 1.00000E-09 1.00000E-09 1.00000E-09 1.00000E-09 1.00000E-09
